|  0     1     2     3     4     5     6     7     8     9     A     B     C     D     E     F
|  0  |  0  |  0  |  0  |  0  |  0  |  0  |  0  |  0  |  0  |  0  |  0  |  0  |  0  |  0  |  0
|  0  | 15  | 67  | 41  | 91  | 35  | 25  |  0  |  0  |  0  |  0  |  0  |  0  |  0  |  0  |  0  <-  initialized
|
|
|  0  | 15  | 67  | 41  | 91  | 35  |  0  | 25  |  0  |  0  |  0  |  0  |  0  |  0  |  0  |  0  <-  shifted first
|
|  0  | 15  | 67  | 41  | 91  |  0  | 35  | 25  |  0  |  0  |  0  |  0  |  0  |  0  |  0  |  0  <-  shifted next
|  0  | 15  | 67  | 41  | 91  |  0  | 10  |  0  |  0  | 25  |  0  |  0  |  0  |  0  |  0  |  0  <-  found diff
|  0  | 15  | 67  | 41  | 91  |  0  | 35  |  0  |  0  |  0  | 25  |  0  |  0  |  0  |  0  |  0  <-  mv larger and smaller
|
|  0  | 15  | 67  | 41  |  0  | 91  | 35  |  0  |  0  |  0  | 25  |  0  |  0  |  0  |  0  |  0  <-  shifted next
|  0  | 15  | 67  | 41  |  0  | 56  |  0  |  0  | 35  |  0  | 25  |  0  |  0  |  0  |  0  |  0  <-  found diff
|  0  | 15  | 67  | 41  |  0  | 91  |  0  |  0  |  0  | 35  | 25  |  0  |  0  |  0  |  0  |  0  <-  mv larger and smaller
|
|  0  | 15  | 67  |  0  | 41  | 91  |  0  |  0  |  0  | 35  | 25  |  0  |  0  |  0  |  0  |  0  <-  shifted next
|  0  | 15  | 67  |  0  |  0  | 50  |  0  | 41  |  0  | 35  | 25  |  0  |  0  |  0  |  0  |  0  <-  found diff
|  0  | 15  | 67  |  0  | 91  |  0  |  0  |  0  | 41  | 35  | 25  |  0  |  0  |  0  |  0  |  0  <-  mv larger and smaller
|
|  0  | 15  |  0  | 67  | 91  |  0  |  0  |  0  | 41  | 35  | 25  |  0  |  0  |  0  |  0  |  0  <-  shifted next
|  0  | 15  |  0  |  0  | 24  |  0  | 67  |  0  | 41  | 35  | 25  |  0  |  0  |  0  |  0  |  0  <-  found diff
|  0  | 15  |  0  | 91  |  0  |  0  |  0  | 67  | 41  | 35  | 25  |  0  |  0  |  0  |  0  |  0  <-  mv larger and smaller
|
|  0  |  0  | 15  | 91  |  0  |  0  |  0  | 67  | 41  | 35  | 25  |  0  |  0  |  0  |  0  |  0  <-  shifted next
|  0  |  0  |  0  | 76  |  0  | 15  |  0  | 67  | 41  | 35  | 25  |  0  |  0  |  0  |  0  |  0  <-  found diff
|  0  |  0  | 91  |  0  |  0  |  0  | 15  | 67  | 41  | 35  | 25  |  0  |  0  |  0  |  0  |  0  <-  mv larger and smaller
|
|
|  0  |  0  | 91  |  0  |  0  |  0  | 15  | 67  | 41  | 35  |  0  | 25  |  0  |  0  |  0  |  0  <-  shifted first
|
|  0  |  0  | 91  |  0  |  0  |  0  | 15  | 67  | 41  |  0  | 35  | 25  |  0  |  0  |  0  |  0  <-  shifted next
|  0  |  0  | 91  |  0  |  0  |  0  | 15  | 67  | 41  |  0  | 10  |  0  |  0  | 25  |  0  |  0  <-  found diff
|  0  |  0  | 91  |  0  |  0  |  0  | 15  | 67  | 41  |  0  | 35  |  0  |  0  |  0  | 25  |  0  <-  mv larger and smaller
|
|  0  |  0  | 91  |  0  |  0  |  0  | 15  | 67  |  0  | 41  | 35  |  0  |  0  |  0  | 25  |  0  <-  shifted next
|  0  |  0  | 91  |  0  |  0  |  0  | 15  | 67  |  0  |  6  |  0  |  0  | 35  |  0  | 25  |  0  <-  found diff
|  0  |  0  | 91  |  0  |  0  |  0  | 15  | 67  |  0  | 41  |  0  |  0  |  0  | 35  | 25  |  0  <-  mv larger and smaller
|
|  0  |  0  | 91  |  0  |  0  |  0  | 15  |  0  | 67  | 41  |  0  |  0  |  0  | 35  | 25  |  0  <-  shifted next
|  0  |  0  | 91  |  0  |  0  |  0  | 15  |  0  | 26  |  0  |  0  | 41  |  0  | 35  | 25  |  0  <-  found diff
|  0  |  0  | 91  |  0  |  0  |  0  | 15  |  0  | 67  |  0  |  0  |  0  | 41  | 35  | 25  |  0  <-  mv larger and smaller
|
|  0  |  0  | 91  |  0  |  0  |  0  |  0  | 15  | 67  |  0  |  0  |  0  | 41  | 35  | 25  |  0  <-  shifted next
|  0  |  0  | 91  |  0  |  0  |  0  |  0  |  0  | 52  |  0  | 15  |  0  | 41  | 35  | 25  |  0  <-  found diff
|  0  |  0  | 91  |  0  |  0  |  0  |  0  | 67  |  0  |  0  |  0  | 15  | 41  | 35  | 25  |  0  <-  mv larger and smaller
| and so on