|  0    MSB   LSB    3    MSB   LSB    6     7     8  
|  0  |  0  |  0  |  0  |  0  |  0  |  0  |  0  |  0  
|  0  |  5  |  4  |  0  |  3  | 253 |  0  |  0  |  0  
|
|  0  |  0  |  4  |  0  |  8  | 253 |  0  |  0  |  0 
|  0  |  0  |  3  |  0  |  8  | 253 |  0  |  0  |  0  [-
|  0  |  0  |  3  |  0  |  8  | 254 |  0  |  0  |  0  >>>+
|  0  |  0  |  3  |  0  |  9  | 254*|  1  |  0  |  0  <+>>+<
|  0  |  0  |  3  |  0  |  8  | 254 |  0  |  0* |  0 [<->>-]>
|  0  |  0  |  3  |  0  |  8  | 254*|  0  |  0  |  0 [->]<<
|
|  0  |  0  |  4  |  0  |  8  | 255 |  0  |  0  |  0
|  0  |  0  |  3  |  0  |  8  | 255 |  0  |  0  |  0 [-
|  0  |  0  |  3  |  0  |  8  |  0  |  0  |  0  |  0 >>>+
|  0  |  0  |  3  |  0  |  9  |  0* |  1  |  0  |  0 <+>>+<
|  0  |  0  |  3  |  0  |  9  |  0  |  1* |  0  |  0 [<->>-]>
|  0  |  0  |  3  |  0  |  9  |  0* |  0  |  0  |  0 [->]<<
|
